41|653.35|0.69|47
0.2|4412.35|1.66|105.72
7.4|5491.61|3.51|16.03
43|5327.15|1.38|18.81
1.4|13342.09|5.83|204.51
1.6|13027.2|4.46|15.54
4.7|3716.83|1.84|105.1
0.2|67652.68|16.35|3.01
0.8|50504.72|7.36|102.74
0.6|7811.62|3.79|113.92
0.3|22554.45|8.23|37.75
0.5|24113.52|23.68|1752.5
49|954.4|0.44|1207.32
0.3|15473.1|5.13|656.98
6.8|7722.12|6.74|46.65
0.5|46508.12|8.37|369.31
4.4|4723.59|1.5|15.09
10|887.09|0.56|91.54
18|2383.04|1.17|19.8
3.2|2948.03|1.89|9.6
4.1|4748.04|5.73|74.68
21|6806.66|2.49|3.84
2.8|12071.78|2.47|24.44
5.4|43970.53|18.92|78.08
2.1|7674.86|5.45|66.92
9.3|698.34|0.18|62.44
23|259.37|0.03|407.55
21|3648.94|0.42|68
5.2|1024.61|0.87|125.87
61|1331.2|0.37|85.42
34|52266.18|0.31|46.99
0.3|322.37|13.53|3.87
43|985.1|0.06|7.56
21|15764.76|0.05|10.44
2.7|7077.77|4.73|23.64
3|8030.69|7.55|144.58
2.1|823.02|1.89|42.67
8|3205.46|0.21|403.92
42|10547.21|0.56|12.87
0.9|13574.98|1.62|92.17
1.3|6789.85|4.16|76.05
0.4|27907.97|3.46|109.02
0.1|19916.02|5.21|123.56
0.6|413.7|9.38|136.14
65|60361.74|0.04|32
0.4|1682.95|6.78|132.88
45|7061.28|0.7|37.3
4.3|6026.99|1.83|96.01
4.8|6074.18|2.15|212.82
3.5|3264.45|2.78|63.06
0.3|3998.74|2.43|88.01
1.8|27528.66|1.04|293.9
7.7|19029.78|6.79|28.42
1.9|503.9|15.11|31.09
36|4758.89|0.11|94.56
5|49638.08|1.94|48.19
0.6|42571.2|8.51|17.9
0.9|10658.77|5.05|120.48
50|484.11|2.88|6.4
21|4274.38|0.26|184.47
5.2|45688.39|1.99|66.06
0.5|1827.1|9.22|231.16
37|21874.82|0.56|114.99
1|7956.14|6.31|85.07
1|3432.02|2.87|311.48
2.2|521.54|0.87|146.42
29|584.28|0.19|48.63
70|3928.88|0.15|62.49
16|810.31|2.54|3.87
19|2340.68|0.23|378.49
1.1|13613.6|1.15|70.15
1|47493.25|4.19|109.28
3.3|1456.2|6.08|3.23
38|3631.67|1.59|430.35
42|6631.3|1.91|138.7
1.9|6879.7|8|47.37
2.3|52034.77|4.92|78.53
0.5|36393.67|7.6|66.75
0.2|35370.27|8.82|372.44
0.6|1445.91|5.72|204.78
0.2|5259.04|2.85|256.07
2.7|40488.24|9.76|349.29
0.3|4656.22|3.44|81.27
9.5|13890.86|15.43|6.31
18|1261.09|0.3|76.77
23|1724.22|0.57|134
0.2|48463.15|27.26|201.67
11|1282.44|1.72|29.82
57|1700.53|0.33|28.51
5.2|15033.15|3.52|32.36
1.2|8388.97|4.27|516.81
54|453.34|0.22|44.58
7.2|15692.01|4.27|47.19
0.2|113726.64|18.7|209.79
51|462.46|0.13|39.4
18|335.52|0.08|171.72
8|10971.42|8.03|89.68
4.1|7112.34|2.67|1310
11|772.25|0.06|13.6
0.7|24056.61|5.24|1323.04
39|3618.23|1.95|293.26
23|1457.84|0.68|3.76
1.4|9637|2.96|620.03
2|10198.65|3.95|63.65
22|3044.08|1.41|148.17
21|2243.98|1.4|123.92
8.7|4400.61|14.55|1.84
71|3141.73|1.75|74.96
53|605.23|0.15|33.66
31|1134.93|0.24|81.13
19|5417.8|1.26|2.85
0.2|696.73|0.23|194.17
0.2|51574.49|10.11|498.8
2.9|42928.1|7.65|16.87
18|1829.02|0.77|49.41
97|417.67|0.11|14.49
0.4|2979.84|0.55|189.75
0.6|102910.44|11.74|13.91
27|20204.93|15.66|12.62
3.6|1276.09|0.85|235.05
6.1|10932.64|10.69|45.48
53|11786.63|2.72|51.19
4|2108.83|0.83|16.14
6.3|4479.96|0.77|16.27
21|6580.98|1.87|23.88
1.5|2786.01|1.01|327.24
2.2|13780.55|7.95|124.23
0.3|21618.74|4.42|114.16
5.5|94574.26|40.46|180.99
8.7|9585.27|11.8|86.87
5.8|15552.05|3.54|8.76
12|679|12.47|449.05
6.7|14514.72|0.07|208.85
0|7229.93|5.13|298.86
2.1|6596.79|2.23|280.33
0.9|4179.6|1.91|67.28
1.1|1660.9|1.25|189.99
5.9|24646.02|0.62|14.05
2.2|1041.17|17.93|73.86
20|15695.9|0.59|195.54
2.1|796.32|7.18|85.6
50|55617.61|0.19|7636.72
1.2|18191.61|9.36|112.57
0.4|23150.32|6.22|102.28
0.8|1890|7.01|20.03
8.8|6910.67|0.35|43.95
49|25997.88|8.86|515.25
0.6|29370.66|5.08|93.2
5.8|3611.34|0.78|328.26
22|1871.11|0.31|21.03
2.8|9618.35|3.94|3.42
46|3686.88|0.87|72.71
0.5|60283.25|4.62|23.57
0.2|84658.89|4.99|204.71
4.2|1048.67|0.44|57.96
59|909.33|0.21|56.69
12|6225.05|4.49|132.03
1.4|5219.54|4|82.18
80|1111.8|0.37|75.95
10|588.99|0.32|127.39
0.9|4274.23|1.99|146.03
1.8|19607.95|34.52|262.81
1.9|4248.89|2.54|70.84
1|10800.54|4.24|99.04
8.6|7480.32|12.77|11.15
11|683.34|0.13|182.39
14|4029.72|5.96|78.52
0.5|42986.66|18.71|108.13
0.5|42407.37|7.13|265.07
0.2|52749.91|16.39|34.59
2|16881.38|2.23|19.47
5.9|1907.55|3.41|71.09
7.4|3167.06|0.42|20.77
2.2|12265.03|6.13|34.32
19|1907.56|1.7|289.48
4.4|1582.85|0.99|48.36
32|1839.52|0.25|20.51
13|905.5|0.92|38.51